0009
0010
0018
0022
0025
0034
0038
0040
0043
0048
0051
0057
0058
0066
0071
0074
0087
0095
0102
0108
0111
0126
0134
0141
0142
0143
0145
0148
0153
0157
0165
0174
0183
0185
0192
0195
0199
0210
0212
0223
0231
0237
0239
0249
0251
0259
0266
0291
0293
0296
0302
0305
0316
0322
0326
0338
0347
0349
0372
0373
0374
0379
0383
0386
0392
0397
0404
0407
0420
0424
0439
0442
0449
0458
0462
0473
0479
0490
0492
0499
0507
0515
0517
0529
0538
0548
0553
0559
0562
0578
0584
0597
0600
0601
0604
0616
0628
0634
0640
0645
0648
0663
0670
0684
0686
0704
0712
0715
0721
0726
0732
0743
0750
0751
0752
0756
0768
0778
0786
0788
0800
0806
0811
0818
0823
0825
0827
0842
0844
0847
0851
0869
0871
0875
0877
0883
0901
0904
0917
0919
0930
0939
0943
0947
0952
0957
0965
0973
0974
0991
0997
1000
1030
1031
1033
1036
1040
1041
1049
1052
1054
1059
1081
1086
1087
1094
1101
1129
1135
1141
1142
1152
1159
1167
1171
1173
1175
1180
1189
1193
